JanaVolkovaxxx
_AniButler
TwitterVideo
AmelAnnoga
mathildehuron
castel_claire
wikileaks
cris__carrillo
Centoeventi
xoCinnabelle
AvaCourcelles
laurenduca
VicAlouqua
TwitterSupport
RebrandingAF
Twitter
Afroperos
HannahAljuaid
SuzieB68
JustFollowMeMag
Obi_Obadike
TerresaGlavin
PrJoyeux
MrKream
DixieRushing1
VaMirOn2
Tiffanielee7
kattydeephoto
SultanS79990096
isaynewsEU
tamtam_sound
ElkiPremium
maxim_uslamin
gokaibae
MakMakey
DJMusicFile
RootsEvents
Avousdeplaire
MariannaDodds
je_te_tue
BiancoStefania1
emmanath95
FLatini31
elaiki9
TamaraMcCleary
inna19_imen
mp_moreau2
JWMEssexHouse
Love4realty
ahahabxtches
Nikolle_Lee
zey_yldrm
YasinGhazzawi
TiffanyFSweeney
tedxgem2015
tahirahfelton
Soudabeh34
tvojajao
sismic_audio
sattamhathlol
sarasimms
RudeLapompe
NCarnuccini
TouatiNasser
MirellaBint
MauroBartolomeo
maxusla94
MathildeBresson
CALLISTIfashion
Mariamccino
kleinesanse
VervialleManon
Lizzzbell
liz2043
lmartin2020
Kristina_iv_
KenOkadaParis
KoraKarolina
karanw
JGenevo
haymarketbooks
eddy_sarah
aeonmag
PlutoPress
LRB
rachelrosenfelt
VersoBooks
nycgo
MTA
nycgov
NY1
NYCTSubway
Gawker
NotifyNYC
Gothamist
NewYorker
TimeOutNewYork
WorldTreeStudio
P_Abstracts
davidgraeber
TheGernertCo
xlorentzen
larry_gagosian
MsPaulineKael
JamesWolcott
IAmTonyONeill
yesmagazine
theintercept
_reallifemag
jacobinmag
newinquiry
thenation
WSJ
business
FT
FinancialTimes
JennineNwoko
BlondieNextDoor
djaneHelenBrown
frederic2clercq
FrankieVolo
FouadFoufou170
fatphaze
ElenaPavla
Dumont_Serge
DjUpstage
17_perrine
DanielHromada
ClaudioViti_DJ
dreya1703
CarolineBienert
CiCiOK
BigBeat_Paris
Beebish4
AvaGlasscott
DJAnjiStone
ladyanastasiya3
Laraabulfailat
323_5408
ProtonRadio
jilljohnson314
Zero_UI
ChangeFrance
jgtiedge
madamferi
Sa2Vphoto
Cocowhitekitty
Natalie_nk
deejayenka
BorianaStateva
marinathebest18
inspiremeannie
anka_bardeleben
sithi777
jvincent0501
AndreaBottesini
redfoxlisa
_Lisa_Li_
mishmadhatz
KHALiVARA
Its_Natacha
Arash
HellaCierra
amastroianni
jazzythm
blueeyeeeez
quaresmaeva
maguni6
IMonosaccharide
katrinaKL
Djlindapaz
LISALI_OFFICIAL
AnnickBH
LaChessina
BoskopsiouE
HotelCasa1800
volcanoslots
KikiFemmeFatale
MaeveMadden
HiddenCash
Jannanicolle
LenergieEQ
Loews_Hotels
epinaysurseine
ATR_Online
Change
Greenpeace
ihateSKINNY
denismolenbeek
_Amazingirl3_
NoelleClarisse
julia_celib
quenellien
JoeLecorbeau
LLP_Le_Vrai
AlainSoralOffic
MbalaDieudo
_LetisiaJones
NightlifePost
Phunkjunk1
gemmamclean24
Lisa_Viola
NatashaYi
62valerie63
VIPSanAntonio1
MicheleBBA
AAnnase
UnknownRatios
HeidiMontagshow
vsvenues
YTCreators
omidseyed
elanaspantry
redbull
ReebokCFLouvre
MonysWanderlust
yoursite
djmarkfarina
AmericasBestDJ
punchtab
djrosmusic
KarenPa63476460
SpinSpinNYC
djnutritious
ITELIO_EN
UrgencyNetwork
Dropbox
TrueActivist
VineCreators
AppliPrivee
debipalmira
AlProkoudine
TwBirthday
WTPconnections
MonyTAF
CreaMedia_
YouTube
SYS_ALSAUD
farfetch
marie_sommar
videlismesa
jodiehruby
rizwan737
OHuguenard
Pinterest
pixable
ElenaZBushina
ar4ibaldovna
kukutriraza
MissBlondeLove
NikkiTesfayeXO
pikabilon
VeroModero
mashable
Twenty20app
roser_rodo
NobelPrize
tiffanydeel
Bespechnaya
nastinaa
Vashencev
eldivinoibiza
horsemeatdisco
circolocoibiza
rosagrigo
LucForlorn
BeStyleDistrict
RRadioNetwork
odba_music
jameszabiela
veritori
Jamie5ue
NKhorifi
ChPandanzyla
AllAboutNJ
yaheli_anguiano
GoKateShoot
AdrianaLima
djitv
federationphoto
homestaffmexico
lizzcervantes
KatharinaBarth1
World_Wildlife
klout
MirandaKerr
channelone_rus
TweetsWithNeets
Club88Roma
Hyde_Club
SherrinDavie
volochkova_a
Margaretbxx
SpijkersHoreca
DanizinhaG20
Phillipchasew
car_malisheva
KateLarson
patrickspijkers
Orbakaite_K
HaberdarMagazin
yahh_isaidIT
brookeburke
anagmontes
RenkliTweetler
Sophichko
nherslow
chasetalesmusic
cnytbkr
TheEconomist
MiamiHEAT
KylieJenner
SteveAngello
SofiaBoldova
Fashionista_com
coldplay
futuremusicmag
THR
MuseumModernArt
diplo
SarahKSilverman
CiscoEnterprise
sokakedebiyatci
PeteTongTV
harpersbazaarus
VanityFair
DefectedRecords
VogueRunway
alexa_chung
ENewsVideo
ParamountPics
mayyy7
djdeka
liveloovelife
itsDawnMiller
VMODA
donnakatz1
StellaMcCartney
OfficialALT
Tori_Spelling
joannagxo
katieilyxo
Chloe_Lithgow
GirlWithGossip
TheHannaBeth
ZakirOfficial
7minswith7fans
thaforeva
KristenKellyTV
MorganeLafon
Twinsy1
JanetJackson
popnewsgirl
xAmannn
AdrienneMaloof
caceecobb
Lulu_5884
Ra_Dreyfus
mocampanhol
TheMadameMoi
maaaRiiaanaC
_Dailypeople
prettypenstudio
meganmaryy
unstablvagabond
MsMagnifisent
littlestfranz
martinaspin
StarletDreams
CashWarren
KellySawyer
GlamourWanderer
MLmarilynlondon
sizzlesausage
ABHcosmetics
insomniacevents
kaskade
CalvinHarris
mf_superstars
dirtysouth
valkolton
ectwins
beatportbrad
Mona_Rafaelli
CHRISHARTUNIAN
ChristineC210
hwoodpartygirl
SarahTetteh
CanaanRubin
ibmcloudvideo
Rahalewis
carmenelectra
sophstuart
BreakingNews
BetaNightclub
QuincyDJones
JessicaOConnor
RuffLand
DollPhaceMusic
callheramy_
palmbeachhgirl
JayDelAccort
samaire_samaire
AmiraSaid
dauntllc
CindyCrawford
TCPOldAcc
StephMiller_
trboxing
NylonMag
ToddDuboef
sammyandjudy
ThomJamesNorman
StellaInger
OohLaLa_Sjcel
yanaserranhoe
AmberLancaster
DarianaVilla
annalovelifeph
adamzsecretgf
ericjohnsalut
usweekly
JasonBinn
ciara
robpatterson666
SakkabCarla
Cosmopolitan_LV
marknoxx
RaphaelSaadiq
latoyajackson
NicoleScherzy
Foxyzombie
WHollywoodHotel
younghollywood
Marmar_Q
idillionaire
AngelaMogridge
BrianGrazer
KatzSmithProds
vic_shea
EDC_LasVegas
swedishousemfia
drinkneuro
mikehellertr
OfficialMeher
Heattthhherrr
amy_lynne33
sheayas
ShellyLynn_
ARIAcrescendo
tweetsonmahface
LoganMcCormick
davenportbrooke
PierreNineyFan
KateStromberg
Axwell
MarqueeLV
kaseyosborne
RuthRamirez
iamjennifer
CheyCheyTozzi
Cory_Kennedy
KendraScott
doronofircast
kellymonaco1
theangelboris
richardbranson
jessicalowndes
MissMashaGordon
CarlyHoftman
TessaBenson
RobertsEmma
wmag
sarahrhoward
pachaibiza
jreyes_29
cooluani
sharibautista
chartox
sayingsforgirls
jinkee_love
riocarmichael
mike_farah
parishilton74
elloelle
deadmau5
ItsThingsInLife
oliviaarbaugh
IDENTITYfest
BennyBenassi
petetong
JasonBergh
AsporinaLee
VJAnusha
QueenieSinghh
bipsluvurself
MaryamZakaria
farhanabodi
pacha
Mamboibiza
JUNIORJACKlive
Ozwald_Boateng
ushuaiaibiza
aac17
BlueMarlinIbiza
ChanellOliver
CharlSweets
divamayday
MrsDemy
ChristinaMilian
Ingrosso
jvalentineinc
JVM
MishiHil
DanCFenn
MizOHmalley
laurastoll
EkaSharif
David_R_Willis
Im_Becka
RochellePeetoom
PachaNYC
MsLoveLee
bubblespink27
MillaJovovich
NicholeCordova
TheatreKiss
AurelieMonot
BarRefaeli
Patsy77
VanessaDuBasso
SofySophiaSof
Carl_Cox
dayna_doll
_V_X
emz_dog
elliebeer
Topshop
SCOOPNYC
SChevannes
TheSherBear_
AlanaFlowers
amabunz
nikkitz
BlairLande
TOTALLYREADY4U
alimandri
NicoleAHM
MTVNews
Minniejp
alli_cozic
LoBosworth
LanaCx
MarcKinchen
XSlasvegas
QueenofHouseZ
EDMinsider
SEBINOOO
dorothysherman
givethemLALA
PetraBerbari
MahoganyLOX
asiarose15
LyricallyBlonde
hausofkriz
albooboo
MarLaElGhazal
CaZieFiZZle
tessarowan
kateeshearson
Renaxdxdxd
DaniLauriente
Alanna_Mystique
VASSY
mysticalsister
kirstytungate
LouiseHay3
Kate_trotter
MCSabrizzy
FellyPradesti
natashabdnfield
iamGiTA
PoppyaBenson
JaredgarciaLv
rakgb
alisonem
char93smith
Fergie
VanessaHudgens
jermainedupri
cecefumat
drdre
China_Chow
mariashriver
heatherparry
JenMeyerJewelry
Jewelzzz__
beachflirt
adidasqt6
DaRealAmberRose
cassandrasteele
Sassylilrussian
Shadelima
coppolatwits
metroyunmedio
visioneventco
ExperienceNVE
DJMaverickZA
glitzbykelly
benedettamaini
WyldeNBlessed
Laluperal1
LouGoddess
WynnLasVegas
faaaallyn
YolantheCabau
jesspwnsnoobs
MissAmyChilds
ClaireAlison_13
Kary_Paris
Fashionights
MykolaKosogor
LeModulicious
MTVMusic
NirvanaCarrick
JPSDN
lealuna
bexnthecity
Bobbyrunway
M_Devery
danigmartin
TheNotionSTUDlO
DMX
officialhotrod
sugarrr26
Siham_Kurdi
fareastmovement
kfaur
BreElainee
CANURA
TrendsSthAfrica
gucci
meldmoran
Diana_prrra
Anniebella10
Svenia_x3
shouldigo2class
elvitafa
akko19960119
val1982_
Principretza
AZ__7
FanPageForParis
EmWezzo
l1samar1e26
AlcantaraLorena
FarrahBritt
BrookeBrinson
GonzaloAndresM
susanadiciondvd
LOSTBOY_uk
1split
DLa_Selva
ElFullPack
Andre_UT
arapelagio
ddlovato
aanderson_xo
celinadelvillar
SergioLuis10R
dnsgaarcia
karinavelasco
demetsezennn
PaulinaRubio
ArtemSurov
AforizmaMerkezi
SusanaZabaleta
luzmazetina
amandititita
ConsueloDuval
palsps
ashleesimpson
Thiloa
dkomarkova
nemrutistan
Lasha_Kikvadze
janainajacques
SkyDropCo
EnKomiklerBurda
benimkafam
GISAVERZELETTI
ThaisBenavides
mr_stress
giseleofficial
TSPTutor
traktorthai
traktortips
Traktor
Dzergun
marianaseri
arturohuitron
altuncem
thehappening
marielekennedy
OOANDCO
patriciaram0s
CaroWozniacki
mgustashaw
MarBelo
ACglamour
Brooke_ely
bucokfashion
Joan_Rivers
CNN
DegisimKulubu
JoeQuinn_FF
nonaspinola
dabalash_mexico
HerkesRT
leventkara54
casantiguasalon
Gaforizma
silva_tavo
pawerg
oortile
PaolaOfficial19
KarRojodelaVega
marianuka85
BevanWhitfield
duelocerrado
Luxology
DeryaOzel__
1SerapGordmSnki
SarcasmoMexico
barbiecondechy
KendallJenner
JENNIWOWW
PhD_TENNIS
eyRafa
orlyfigueroa
KRCPRODUCTION
NataliaMolfino
anagirault
dharmamx
JOSE_M_RODELO
anastasya121
Alena__Boom
SMaddenMexico
Viktoriaaaaaaab
Chichy_F
Julua_Ivanova
Pilotwar
ElbrusRED
Natashka_Ricci
sladkaya2201
TvoeZoloto
asyashir
kriskota
Darina_Mur
yanayana031
amlinsky1985
Nata_Udovinchuk
YuliannaNOVO
ksusha1326
ladybenia
latysh2
IrinaaaaIrina
samantaonelove
Akna90
NetAbs
ogonek000
AnikaBAs
Alina_Ova
lenok_ppv
SchahovaYuliya
Ivkatarina
Nika_Vero_
sibekkisardana
_leky
All_Celeb
olechka608
Valery_Novikova
St_Blond
bekbulatova1001
anya1543
xxx_svetlana
_7272894071071
sweety_nastya
olga_fateeva
NataliaVeshchag
kristiborzykina
LGraznova
SkryabinaL
Nastja1989
MamaZaya
Kamila_crazyyy
n_silinskaya
Nastyschik
JuliaMakinsk
AlexandraRyz91
galyzalu
Summer_UKR
brunetka_V_
selifont
MariyaTatum
Raiska999
malle4ka
KojevnickovaLub
olesiata
Im_missvixen
Druzno
4UDO_Elenka
lalkina
LenaSolovyva
lizashevcova
Vivachka
artmarinashin
Mira_Arseneva
l_sloug
redjeass
MusonovaYuliya
elvina555
EgorovaJulia_
Flowers19892010
oluncuk96
vikcyfloyd
KetOlenkina
ocheninteresno
IrinaIronik
Julia_Muxa
Auntie_Cat
AlenaSpirina
aluona2704
GulNatali
MarinGromova
Tanusik188
Gusto_Gusto
FashionGirls56
75Eka
lorianchik
NataThomson
KsuchaIvanova
Kristyastar
madisha89
Natulyadrob
Alsuslik
SKharlamova
annakuzia
NatalkaYa78
m050386
noMitina
nasa_blesk
Sohomerysandjar
ElenaSlezanu
Irych_Homych
A_l_e_n_y_s_k_a
Prizrak_1009
lizashulga_
Pyreskina
MaryOst
Mirzoevb
masha942
NataliGubareva
LizaFursova
ua_Olya
oposssym
oksanamazurova
YaRadchenko
lencha_vlad
Katye_Kisa
victoriya18
Galina_Semesko
AsietKhapacheva
Irinatretya
Marina_Turne
Alina_Rabenok
08Nes
Ilonaist
blondinkka
Kata_995
ali5216
NikaSidenko
EMitrofanova
LoveEcstazy
Dedonis1982
diazayka
klavka15
Nast95
SMCL_HNLLZ
Tatiana75936231
zhanaraworld
KatyKondrashina
85Olqa
Pleteneva
nyctalks
MaryZozina
lil_di_smith
marymay15151
Kseniia_spb
mitrjasova_oksi
lenamusurmanova
Korzhova_Aleksa
TanaxGirl
MalinkaTwins
Umornay
KsushaShevchenk
Cezara_K
KARISSka
GorecAlena
envis77
ElochkaElka
maruska_kim
Alexandra_Lu_Lu
AnyuShamraeva
olehmanka82
LeraTV
yanarudkovskaya
SatiKazanova
aplusk
JLo
justdemi
echofon
lindsaylohan
valya_rubtsova
MBeshka
VictoriaBonya
masha_tsigal
anitatsoi
faina_zakharova
VeraBrezhneva
ANNA_SEDOKOVA
Kremlins_wife
spletnikru
Dsagalova
karakoks
nkalmanowitch
VictoriaDaineko
gordon_katya
Vika_Kovalchuk
NastyaBauerPT
sasha_savelieva
djsmashforever
Orlova_Orlova
Adovlatova
KAMEHCKUX
Lavkalavka
yulialysenko
malahovajenia
olgashelest
tanya_gevorkyan
Borodylia
Loyamusic
achekhovaFAN
K_Odintsova
KorneliaMango
LopyrevaVika
Lesia_tor
lenapulll
victoriabeckham
skhodchenkova
Tanya_Tereshina
_Marina__Orlova
AllaKlyshta
elkasinger
leramasskva
divamonro
ERojdestvenska
MalinovskayaMa
_Anya_Rudneva
juliakovalchuk
hereamonkeydude
RitaStarkevich
MaryFriga
DariaGoretskaya
Inna_NRG
NMilevskaya
darinnia_ru
katrin07080
ze_ymka
kisakisamrrr
i_korzhuk
adriana90z
nigazbelka
bruno_paskal
pachalgina
Katya_Zimanova
arinanatarova
NastyaSunn
Ksyunyaaa
MamedovaQunay
jalkovski
LavTanya2011
zergkino1
vskype
KarinaMikava
Velikiy_Vasya
Lesic_N
juliaaannaa
shapovalova_97
knopchikd
k_etnos
tzetzorina
Julia_Shkoda
chicken_dora
_6190127468672
Skorpion1939
myrzilka30
zarinaDREW
austinellla
Silaeva1
Orlandonatali
missPopova
ktarafrost
TaranElena1
STELAFERARI
IrinaVereshagin
Ver4ik113
mihasiova97
eva_prada
pups572
Innylya5
nyta4kazaja
SankaOksana
zenckowa2012
Oh_Orlik
sabi_chika
FantaVita
svetylua4
smsswetlana
_bobrin88
DashaGorulko
flair_solitude
Markova73
SebaBrusnichnay
_1391490865772
gfkmvjxrf22gfkm
KarinaGurieva
SVysokaya
Leno4ka08
AntoninaVeda62
Fairy_Bad
aludadavitulian
StromenkoSveta
_2065337188772
LEPSSSSSS
Dnevs2
Ludok89
shadchinev
Gero4kaRoshina
evcado_avtoru
achekhova
CecyCaamano
Ruth_Tabares
ONI_KAI
masato_jones
Francoariasfma
YazFreyre
AndrezPalaciio
BritishVogue
HolgaDirect
Uniklar
Roman_Thechamp
benceguzel
tracKINQ
PPaul1975
briggit36672320
Stephaniereid_
Jnnigutierres
KibaEliiza
ANGELADUQUE6
Franchescahb
PeRLiiz_is
emilyjeanmoore
RanaReneRojas
X0BabyDollX0
_ayeeeh
ashleyallen8
rosbelis12
DeyersBeers
miriamsarai1
paolalo83774790
laurarada2
ysabzz
danasimonsen
_PAOLAZELAYA
ARosas83
mcamiamartinez
JuliaBreau21
isa_bella_vas
spaceaudity
Fayfley
Dafriii12
leyalb
JackKy2008
Fernand21263286
themelazababy
haliemeg
Juliannau1
Sowerbrower
plinzecitaa
alissonvanesa
ferfarias25
LESLIIEESCARLET
maudurand10
MANOLOALAVREZ
thecatqro
radiitalmty
fher_segoviano
Pedgarman
QueAlguienLDiga
procesoterapia
RedesIsecmx
ChangasUruguay
MontecristoCluv
DrAlfonsoRicart
CamyCorvalan
PabellonEcatepe
VANEANDREU
Anahi
YordiRosado
jaimecamil
MaiteOficial
DulceMaria
roxcastellanos
sebastianrulli
voguemagazine
tyrabanks
TeenVogue
Burberry
mrjaymanuel
marieclaire
MichaelKors
YSL
hm
WhoWhatWear
marcjacobs
TimesFashion
beautylish
wwd
BCBGMAXAZRIA
DitaVonTeese
ninagarcia
i_D
polyvore
TwitterFashion
DVF
bryanboy
katespadeny
BoF
tmagazine
proenzaschouler
glamour_fashion
VictoriasSecret
heidiklum
ELLEmagazine
CHANEL
fitopardo
GQMexico
ELLEMexico
ChilangoCom
dosenlapasarela
MBFWMadrid
VogueMexico
juditmasco
Mikelaamf
paulitachaves
gemelasdavalos
GlamourMex
Anacampanasolis
InesSainzG
modareforma
ximenaNR
Delamori
valeriamazza
carocruzosorio
MarjoDSousa
AnaKaTalinaTP
ludwikapaleta
dominikapaleta
LAURAGII
lajosa
ocesa_rock
SttradaPP
sherlyny
EmiliaRamirez
zuriavvega
PatyCantu
yorchDC
Supersunika
11ONCEFILMS
DaanCaballero
crismar4989
miss_kite
Perlicar
angie_bridales
Dianagabt
RonaTriay
adri_garces
lizvegaoriginal
Princess3714
cmike619
yessgarlove
veroriosg
BegoAlonso
ErikGarciaCruz
chrisilvetti
ginastunes
CinFurtado
gierztein
AnnieBahena_
flow_withlife
mateofigoli
Diegononato1
manriquecharlie
Esquedachris
Chol_solana
fabigranadillo
aleoates
_valefe
sarahicarrillo
pattylezcano
PaulaFelvinczi
LuisCervera
cuneojosefina
marianadeluccas
francineamaral
Maryarette
aleinfante5
Kitziaromero
pamab92
andreamarti31
DannyBlancoM
SofiNoriega
MartinezLau
KikaSinatra
BereReinaAAA
lizzbarro
ClaudiaRubio9
vaniamanzanof
crisobregon
lessaguilar
sandrammtv
barbyeleal
angie_saiz
AniEsquerra
LaMolleteriaMX
MexicAle
fernarvaezg
essme27
gabymelladou
elizabethmh7
jimena_canoh
KATE_QUET
danni3la
RebecaMayorga
viryhellaoz
fa_mayor
Xurrutia
PaolaGalina
silviaherrerads
PauMaza
FernandaMendi
carogdeo
estelacalderon
Kathya_Rdz
Alexiarivers
silvaanile
herbertmexico
IsisZavala
esthershueke
mine_silva
Dannae_Banda
yoestrellasolis
michgzl
InloveNatalia
marianahuerdo
Syl_Maria
karelyherrera
Xareni86
Ale_Haydee
Jennyh_c
PrysSerrano
galelopez
karenNbcs10
lausdelaparra
ArturoSosaAso
KaritoCiodaro
ColoniasCondesa
murguiaregina
ErenLoz
yessicantu
luciamasso
marsechelis
asofiacastillo
barbara_lopez21
Acapulcolaura
jackelinearroyo
reginamanfredi
mayrasierra5
montseguerrer
Irianitzi
karinmolina
GuilleDirector
ale_dlc
zamiradrz
bubba242010
yamidz087
ivon2_chav
Vivsmachado
ximeDM
jesspacheco
LoreMef
Arrasf
gabygomriv
PamCCov
fabyvillarreale
nadibq
vani_cabrera
Dianavilla18
FatimaTorre
marisolcf
MariaChacon_
IngridPol
BarbaraRuesga
Karen_Leone_
keziahf
vickycol_quilla
karoldelatorre
katarinasacht
melissalz83
marianazac
andreaportugalr
marjocb
jessicavela
quetaita
ceciyegros
MariaPretelt
latorres8
bellavivince
PattyCuGar
ggaabbyyee
Daynnamallozzi
JaNaRuz
Lalochiforever
karen_Valdezz
vanecoliz
JESSSZABA
Chapiisziita
ilserivera
SimplyLuchi
jacky_a_s
KarlaDeRegil
adriana_trevino
CARLITAALT
Melissa_veytia
Anovolv
maferlabe
Oigan_aMiTia
KaryNL25
fabianamayer
MariaCanadasOf
iratxe5
SHANIK_ASPE
MAI_ARTON
gabyperaltam
siname123456
dafne_ml
mariadelaf
lopfer
ADDISPERIODISTA
TANIADIAZBRAVO
JimeGHM
JadeFraserMx
LinaRadwan
roxgarciarivas
Monserratji
nurybar
paualbarran
Chelawuera
mariaguajardo
Denisse_Guerra
yolaguilar
marasuero
mayelaovejas
EricasanchezSu
monGdl
sandraweil
priscilafaz
MichiWs
loracanilorac
GueraDM
marianasotoj
LauryThilleman
karlitamaldonad
GuedesVicky
thaligarce
RBKTD
BlancaTenorio
arlenemaciel
IlithyaM
monicadanieela
ErgoBITCH
JENNIFERLUQUIN
NadineA_Dewi
ChrisMason31
karlabBp
Michelle_t
MissChantis
Lofa_
MichiRamaglia
irsasanchez
cottersteph
vero_solis
audreymoreno
lizettrmz
marianaluna
michellejasso
milita_farre
OjosMudos
imqta
LluviaDelmar14
anabelena9
marceruizesparz
DIANA_ARIZMENDI
lorenapanter
normiuxsilva
helenaguerrero
luciaikens
audreyverar
FernandaCGA
helenjjk
lisandradlcruz
brigitteflorez
lisbetharanda
gilmayte
jessieaviles
FlorenciaVerdin
Lorearanda
DamAAmaD
taniarredondo
DanielaBosTV
lizpeku
mariloopss
odetteyga
Darisna
andreaamieva
AzUcEnAqUeZaDaS
LaVivancco
angietaddei
tamhenaine
valeriabaroni
Anel_90
Begobee
jesicasanchezm
Annyctsmz
mlrojasm
maalessandri
AleespinozaTV
AmeMartinez7
scarletortiz1
karlanovelo
MARTINAFRANZ
lulipop07
anasofiagar
damarisrojas
verockstar
patycardonaB
MFernandaYepes
carosepulvedaf
LivZu
PameSoprani
LidiaGrana2
saskyavidal
Kriziavaleria
LiliBltrn
aidmg
gbybela
prilabahe
g_model
carolinareev
paoladomda
IvonneZuritaE
CYNTHIAOLAV
CVillaloboss
GyoRomo
AleRedondoZ
AnKardoso
andreitacm
pollapellilloja
EdnaAlcocer
KarinOntiveross
AranzaRG
mattypink
paulaarangoh
eskarinasanchez
DanielaTov
Anaiidz_13
laurasogliani
pilyleyva
jessicaruizz
loreandreu
taniarin
eugeniadans
GalaHalyna
TanMakeup
brenkuzzel
yuls21
MoniRivero
elvistekito
MarizAimee
sabiasundato_o
Shaktym
fans_RT
NYTFashion
DJMICHELLE_LOVE
BeaMorayra
talk2marin
Lesliespinosa
_AndriRo
SofiaVergara
hughhefner
aycarlamba
AndreaLegarreta
SevdimBunu
mayepinelo
vmagazine
GG_quotes
TheMandyMoore
CUCA_DIAZ
hotfortapas
Sammy_Spooner
FlamingWild
isabelburr
RushmoreHIT
ShannaMoakler
lisarinna
naderrazdar
yarelifernada
GalileaMontijo
AubreyODay
keyiflibilgiler
HumongousEvents
AllOveritRecord
3zooq8
303Lovers
Payfully
iamStepherella
tvdunyasi
Remag3
DENISE_RICHARDS
tina_kandelaki
Adela_Micha
fameinacan
Aoife_CeLLe
emreozball
virtuosee
Krm_Chn
35case35
ebrarissi
tuzcuoglu_alper
RonnyRamza
LafTReni
RTadresi_ilayda
hoccabazzzz
aklimdasozler
melica_amina
Melicadiva
SPP_HQ
karlanaffah
ponaramos
jackybrv
Blindpighamra
therealSTROBE
greensmithorg
FervalTravel
SarahMews1
GiulianaRancic
strictlyrhythm
hollymadison
m9wr
AnaGeorginab
QueenRania
Crowdbooster
Alcanter
BW_React
SocialFlow
scoopit
kkarner23
KendraWilkinson
HubSpot
ALE_BELE_
TheRoundme
Reforma
nytimes
ZeeReportFranc
FPBOfficial
Montserrat33
fxpansion
toolroomrecords
whitneyEVEport
VogueParis
ogulaltinay
NimoIero
LennyKravitz
mhmusicmax
KaliteliTwitler
aperosbxl
dulcedavilamx
lineloog
VielkaTV
NayCarmona
kelimeoyuncusu2
Sapelkin
DalilahPolanco
KristinCav
TiffanyAndCo
AudrinaPatridge
anetteoficial
heidimontag
stephaniepratt
EnYeniTwitler
gamzeiyemm
Mistir_Senere
semihcaliskan
Bonjourfransa
OzgurReyiz
pesceazzuro
VivenseHome
dilekdilek1
HazRetweet
yerli1turist
ahmetmakyuz
Dusunceritueli
TheEllenShow
BelyavskayaK
RachelZoe
yetkinacar
mallivfp
SercanAfacan
buseninsarkin
LaurenConrad
LadysTweet
Abinin_Yeri
BuNasil
Lafustasi
SarayLokumu
VintageMalu
Tweet_Sarrafi
SharpieMalaysia
olenka
kazaflova
Tonirovochka
Lulu_Dussauge
BlasianStallion
khloekardashian
youworpho
Flekson
yukacocicola
pauhijar
ItsPatiku
CaseyChatman
iam_SIN
Abercrombie
CeciGMILLER
cnnbrk
dbxpro
ALOHAnemo_
Dior
HHEnBuyukCimbom
Morefunka
Word2Koz
RedBullFrance
Andrea_LVA
JessicaSimpson
Calvin3339300
muthisbilimnet
dizzertir45
UGLYMELY
tutta_lulla
ParisHilton
snapseed
Remix_magazine
mashadrokova
VitasTweet
Yuri18vertigo
Hello_Metro
Kruzhkoff
NanaKulikova
ROseFraiZ
maryvettelair
Kovateva
Trisha_Franka
Tessa_Sunrise
zhivotnoe_ya
xenia_sobchak
irenaponaroshku
AlionaDoletsky
Sofia_Essaidi
Luba_s_duba
djamira
blondyboss
melissa_bxl
Betsy_Green
amiemoscovite
kiktus
kolombina_doll
kastolianka
allen_heath
TheiPhotographr
bernardpivot1
SteinbergMedia
EM_Magazine
pherlha_aguilar
drinaccarato
AnasofBustamant
ileanardz
canderoca
gimariaandrade
heidijgp
BrunaAlvin
XUgarlicious
PolianaSoares
DebsV
DjAnalyRosa
barbara_coppel
virginiaknak
flaksh
RaissaDS
RenataEspinoZ
patyminnie
vicolollipop
srkirs
fervalenzuela
DannCisneros
Monica_Benini
jessicafoqui
pebbele7
castellisophia
PamelaJimenesh
karinaaguilar16
sandra_mkup
marianaruiz_o
piensanatural
michelle2torres
Stelx_
OhMajoOh
PolenTP
TopModelsMx
_RenataFarias_
RenataColtro
AntaninaMaxim
rigelmodels
LALbySL
dicasmariaflor
flakita_more18
ReginaCarrionA
Lili_Lamadrid
Caro_Late
PioneerDJ
Maylis_A
cinemathequefr
Cinetrafic
RockCorpsFrance
Mayooche
VideoMuhendisi
HeatherSladeee
CarolineReynaaa
TulayKumasci
rssimge
janellelinds_
ChinaDailyUSA
fragmanwebtr
Jason_X_Lee
hymov
enessafak
mysol_mysol
sjmtheactress
Stephanie_Cayo
Cirque
filmreplikleri
halilefffe
Strawberry_Zion
OlivesLA
_radical_minds_
mp3bonez
Undertechnical
MassPhenomenon
AkSteppaMusic
latroit
GriselMampilly9
ensister3257
twitburc
NUNZIAROJODELAV
JuliaGross1
PriceMg
LuValdesG
lauvaldes
acostalejandro
MaguisSosa
AlessandraRdlv
Lucilagaudi
nicolerichie
samantharonson
karenssn
kourtneykardash
natalda
britneyspears
NickyHilton
ladygaga
katyperry
Oprah
KimKardashian
talaarakji
dyalabadran
IAmCattSadler
AngelAlessandra
ElenaTorres
AnyEsc
mariacorella
snooki
chelseahandler
taylorswift13
olguigui
andy_ska
DeniseSaulF
payusn
ginalitchi
Suziedelvecchio
alexaQH
DannielaZanz
fannyzep
NonaGarciaA
karenrauch
gourmandslife
PamelaCortes
aj_ac
RossanaTC
Dana_Baasiri
kacrevelaro
LetyStahl
gisstahl
AlexsGPh
marla_roel
maytegonzalez
fatih06_1907
AMiRAHjay
Banakahvever
kelebenk
Ableton
mlindenSL
hootsuite
BarackObama
beatport
ohmforce
mvplex
BMWi
yesim_uk
DalaiLama
akman__sa
dusunsenebi
DanielaKillus1
LaadySly
MelekVeSeytan
Cheerios_loOps
cali1385
_LA_Mejor
BADBITCH_FLWRS
JoeyStarr
mathildeseigner
WIRED
SammiSweetheart
burcu2420
sekerbiberrr
xatune_
kuzu76
ojeliparmaklar
sedakptn
ishinkaraca
golddesss
dygnsmyy
_meryemekinci
ErylmazZeynep
MommyIsTattedd
piinknatiive
NI_News
mywebneel
lomologic
Akai_Pro
Mix_Magazine
Stassy_luv_ya
Caliheatherette
Lavrova_Mary
Ph0t0graphyInfo
Makai_Macdonald
freeloopspacks
hotnewreleaseTV
DieumKanam
serjakow
donhosho
sexymodelmusic
Orange_Cinema
hnshah
Jason
hongkiat
vpieters
BBCWorld
lomography
a_agui
MandyKdy
Orange_Musique
SoundCloud
cinematicpro
butter_neko
rinavelli
ShakirahSayles
bexxevans
TattsAnd_Joints
KiKi_Lynnn
KacieBabie
christinamakien
aytaylorrae
StarringxMINIE
kerencubas
LmlNo
katia_tch
instagram
DJCHUS
wandaamieiro
jcnycollection
JuskaDuval
DelphineAyache1
deep_house_pl
TheresaBernabe
ThisIsWhoIAm_TO
deepmuze
darek717
dzulvicky
Labdes
bernardramel7
iconosquare
MartinAccorsi
playhousehw
MAGNETIE
mixcloud
Ruyatkina
AgtaopeLane
SuperRetroApp
SLPattyCortes
Musique
guntrambechtold
2_SecondLife
bulkkamag
iamlauraperez
redhotbits
textmeapp
bonedo
Dav140
MaggieeeSM
orielamedellin
Flickr
artflakes
simonepekelsma
InpiecesHU
philiprosedale
PropellerheadSW
SerinaJane
Metaverse
SecondLife
BIPRECORDS
WavesAudioLtd
galeonka
yoval26
aqnuq
StudioRock1
solarplace
RuptureUK
bachwalter
inyourcorners
NipotinaMukkosa
luciabrezani
zaza34
Hipstamatic
HipstaContest
BonSpengler
audiofanzinefr
hackingaudio
DJForceX
recordingde
AIRUsersBlogNL
iXimix
addthis
housemixes
DailymotionUSA
dailymotion
Maryooomii
TASCHEN
StilettoMoody
torley
OmniaOh
dancerDallagio
AnnabelleFleury
DeniseWirtanen
KatimeVacano
kiralebed
IgnitiveMedia
pamelaleistone
bitches11
DraganaM
LinndaScofield
Theogat
vickydegroof
frankamb
kitten35
Morgaana1
mervinjziu
