nordcurrent
PyTiyanna
justsanaa
lala
MeaganGood
officialchilli
ciara
TinyMajorMama
PandoraVT
BrodyJenner
onedirection
ladygaga
e_entertainment
rihanna
foodgod
lindsaylohan
ScottDisick
ParisHilton
ANTMVH1
LasVegasBloger
imkimberlykarda
TherealTaraji
selenagomez
KendallJenner
KylieJenner
TasiasWord
ToyaWright
TeamREAL_PRETTY
claudiajordan
DaWalkers15
KrisJenner
kourtneykardash
KimKardashian
khloekardashian
robkardashian
KeepUpWithKK
FunkyDineva
icecube
Ludacris
TheRealEve
TRINArockstarr
towandabraxton
TrinaBraxton
FROST117
ThaRealMommaDee
Todd167
lawrenceatl
ashanti
KeyshiaCole
kmichelle
TameraMowryTwo
TamarBraxtonHer
MimiFaust
RASHEEDA
kerrywashington
WendyWilliams
TatyanaAli
KyleRichards
BravoWWHL
Bravotv
Andy
CynthiaBailey10
Kimzolciak
KenyaMoore
Porsha4real
PhaedraParks
Kandi
NeNeLeakes
KimRichards11
MsEricaDixon
LisaVanderpump
MonaScottYoung
greggleakes
PeterThomasRHOA
BravoATLWives
mikeshouhed
ShahsSunset
RezaFarahan
Starbucks
WomensHealthMag
BillGates
carmeloanthony
RealSimple
DesignMuseum
CHANEL
DailyHealthTips
planetepics
NBA
LIFE
rickygervais
TEDTalks
shakira
TheEconomist
Zagat
DalaiLama
FinancialTimes
KDTrey5
TwitterBooks
stephenfry
brookeburke
lonelyplanet
ActuallyNPH
NASA
RedCross
TwitterSports
smithsonian
TripAdvisor
FoodNetwork
UNICEF
Pontifex
BBCBreaking
BarackObama
SofiaVergara
Forbes
Twitter
hm
PowerColumbus
TwelveVI
giovann75403845
