eldiarioes
oriol1986
jo_mateix
Xbox
UbisoftSupport
FiloPolitics
aventurembarazo
MarinaGarces
apicsbcn
diaveganismo
SerasSuVoz
DimensionVegana
midietavegana
veganeando
delantaldealces
CilantroYCitron
Soyvegana_Jenny
Boquitavegana
danzadefogones
beginveganbegun
Vegaffinity
eledututor
CarmexSpain
ConBici
bicibox
ManuelaCarmena
LaSDEM_
intercultureles
earcos
empatiadocument
Vegadona
mossos
alexdelaIglesia
Barbijaputa
U_Vegetariana
Midietacojea
wthfilm
Ryanair
den_p8
Lowi_es
CGLessons
gallonetflix
espinosa_albert
Apple
AppStoreES
AppleSupport
iSans
KINIK_art
valentisanjuan
srta_nita_
felixO1O3
pcoffeebreak
really_blur
ad_apta
taniallasera
luisdiazdeldedo
podembadalona
viajanteana
purina_es
Dabizdiverxo
EduMac70
iCharlas
cento
CarmDuDixit
SomEivissa
podcritico
freakcast_
papipodcast
PMasiaiEstelle
bicing
Anni79
PEivissa
Podem_BCN
PiretaCAT
HomerJSimpson
LuzCasalOficial
viticci
betaprivada
ristomejide
SomosDocumental
_fusser
invitalacasapod
TamaraLeon
Jpod15zgz
sunne
LeonorWatling1
JonyIveParody
JaumeMLaVoz
angelmartin_nc
endavidc
blanclem
ObjetivoLaSexta
Pablo_Iglesias_
ChristianG_7
AppleEsp
TheEllenShow
flaviog
AngelaAhrendts
policia
elmaldelcerebro
pereribamadrid
2KEspana
DANIROVIRA
mfernandezES
jsunol
perrolunatiko
iDanDann
esostenible
eivissActiva
IBIZARUTAS
SalvemesMolinar
Ibiza_cultura
Alexialasosa
Pink
RafelRuiz
movistar_es
tudru77
RecetaJaponesas
JAVIERCAMARA1
NovaYork_cat
ElExtrarradio
pacoleonbarrios
Sergi_Moscoso
Gerard265
JuditDalmau
anicebell
Irecth
v_cabezas
mywillem
okeymakeyshop
VaneNory
julia_otero
_anapastor_
_nkawai_
RED
pedroaznar
fedhat
tim_cook
MistralS
BrunaHusky
ManelFontdevila
podtaxi
gombau
reiichel92
isaacfm90
JoseAnSegura
Ivan_Blanquer
LaBiblioPodcast
micenmacher
_MaluOficial_
FuKuy
Vinilos_
xdreus
pabloparades
iCachurro
Mr_Kairuh
bernycley
ElCantanteMudo
ismaluna
mayilei21
RubenOlla
ivocarballo
Jordi_Pujades
JPod13Madrid
PorquePodcast
luzbel_es
hutxu
LadyMcbet
tonidurans
Davidearcos
MasMatao
thepodcasthost
Roge_vm
magnoroi
jponstalta
FrancescBoCo
negroberto
lukeskymonguer
ivoldark
click_man
rafadiazro
JCanfranc
yamierr
tejeflow
ruiz_riera
pedrosanz
Benotac
josejacas
Sandravalle
iHayros
fleamarketbcn
JuaCB
davidperezborge
Caragulillu
tonimaquero
Charlottechris
eva_hache
karimcelestial
carofe84
erosvillodres
instagram
alvar_pe
gutie7
MoChaTo13
mvvv22
Maduixeta
jorx
Persona_pies
noe3687
Adrian_Milan
pumpkin
serrahim
ines_barea
tsanchezh
TuParacord
melonymenta
ElenArisal
juditperti
rafaruiz28
asociapodcast
martinyfelix
Irarle
jmrush
rmblancogarcia
LorenaCaEs
Nosoyunmuggle
CeliaRW
pepacobos
Vallop3z
raquel_iglesias
GemaSur
GumBcn
Fran_Fp
nusyma
_Bilito
btrantor
revistabetoday
CocinaTina
ElvisaYM
Betox86
lluis_acosta
pakorosen
retrent
asturmon
alfonsodelfo
AppSumo
McIduna
nikaojster
doalvares
RubenFontela
JorgeCM
AsturianoEnUSA
maijo1
normion
lolesmarlo
robertogf
Jarpo_
territorimac
laPetjadadeRubi
etudelat
arianeta
Blog_CER
dosmanzanas
nacuweb
novenopodcast
elgigaclub
Markitojerez
carlosryvero
bellafer
Iselene
tapbots
intecat
BlogdeJavielos
ajbazalo
Ihsanshade
evolutur
jcardona2
vorobitg
Silviakromer
downtown_bcn
jl_palomo
yoyovega
Raquel_Celma
annapalet
iolandasd
genisroca
genonagalera
nathanmisfits
albertfrutos
javierfenoll
jmortizsilva
scano04
AppStore
Deco
Cecilia28
daniforocus
SXenia
carmir
NatxoCastro
noriconarroz
JLoro76
Angelesdex
gonzaloperazza
ramalo
Christian_GH
Depar7
B4zing4
CarmDu
anx3la
soliloquios
redbaron_11
koskor
benyer
EstherFLazaro
vclimen2
mmisery
angelrosique
Patuflinx
rafhik
csogorb
biciclo
rincondecosme
treisi_banal
charliencinas
alrangil
LaBischita
jaumeestruch
javisus
rvmachuca
_Mich
newtonfan
emmanuelvq
Silvia_Bar
MARC_intosh
eva_rodri
javielos
emefornes
jonay_nay
christiandperez
maeltj
treki23
mlopca
autoy
chicageek
Manel
risalba
alpamies
frikjan
mahidalbar
isaac250
josearodr
TinaOteros
TaZZiTo
lobored
cinefilo
J0mer
lapodcastfera
carballo
Hybrix
ChusGR
DanielBCNA
nineta
OsyMar
Stsebas
iErst
m0d
guidox
arrozconnori
raul
jpod10bcn
ElenaBRZ
treyvelan
andresvilallave
_Kurago_
nacu
magasa101
Elenahg
jonivng
wishu
alvaroprb
carmenrferro
Davidasenciom
vego
podcastellano
E_llas
godix14
Neo_7
palmman
Gravina82
xcobos
ariadnagm
ciendecine
serantes
proteusbcn
torpesparatodo
fuerteMac
Appleando
RafaOsuna
